2.5905567837740002
2.613170230794003
3.040381833123744
2.4360329170161124
2.4234956617134964
2.733169250275367
3.060054407416644
2.5341273326160554
2.9903933380773466
3.054949582620322
2.4515420940719372
3.097820425045093
2.9903933380773466
2.4515420940719377
3.0549495826203192
3.097820425045098
3.016287824711206
3.0008015678187254
3.016287824711206
3.046154596070938
2.6135161364559165
3.04585044962503
3.0461545960709353
2.9574673900007173
3.045850449625032
3.1044544920624917
2.6135161364559165
2.9574673900007173
2.9904255454198347
3.0423072788233654
3.0008015678187254
3.0414264913094424
2.990425545419835
3.1044544920624917
3.0423072788233667
3.0414264913094424
2.5963522758477424
2.642378699138055
2.5963522758477424
2.4399218519163153
3.1056932198130913
2.635460290908762
3.0799667428860245
3.0829399833508404
2.6423786991380545
2.4399218519163153
3.1056932198130913
3.0470543722690193
2.59755518788125
3.041221780852774
2.635460290908762
2.5364560512482366
2.915355411789732
3.0745371827212615
2.9153554117897316
2.8104323719620936
2.8731659615598804
2.8012082452183615
2.9175773619050696
2.9233019782447496
2.5975551878812495
2.8104323719620945
2.9708810014036793
2.873165961559881
3.079966742886028
3.0470543722690193
2.801208245218362
3.082939983350844
2.5364560512482366
2.917577361905071
3.0745371827212598
2.9233019782447505
3.0412217808527755
2.970881001403679
2.549076172144194
2.6819783941458852
2.9964446203960047
2.563447431007435
2.3698266481259163
2.673495342463359
2.5081443538471824
2.6748301498085016
2.8078951365430265
2.9771109809560166
2.8362990574260265
2.576961287573955
3.0951560316082136
2.8724595816337164
2.9768433538668537
2.765322645630607
2.8467199630229825
3.0951560316082114
2.549076172144194
2.9768433538668537
3.0086241893072394
2.6819783941458852
2.9964446203960047
2.563447431007435
3.0086241893072394
2.765322645630607
2.3698266481259163
2.894186397260621
2.673495342463359
2.8467199630229816
2.5081443538471824
2.8724595816337164
2.977189042932032
2.6748301498085016
2.8856878500270033
2.8078951365430265
2.9771109809560166
2.977189042932032
2.8856878500270033
2.894186397260621
2.8362990574260265
2.576961287573955
2.5963522758477424
2.6423786991380545
2.5963522758477424
2.4717474586374273
2.778922327132602
2.642378699138055
2.471747458637427
3.113117067098702
2.5909637964071006
3.1024146978488845
2.7222844956433354
2.8052992684449096
2.725173942382985
2.675114737196339
3.113117067098698
3.052687674303957
2.8569535759546603
2.952483638686658
2.5909637964071006
3.0566622304772486
3.0619146026911586
3.021547779029664
3.1024146978488902
3.052687674303957
2.7789223271326016
2.8569535759546607
2.952483638686659
3.0362726306786207
2.9300220341347045
3.0619146026911586
3.0566622304772486
2.7222844956433363
2.8052992684449105
3.036272630678623
2.7251739423829857
2.6751147371963384
3.021547779029664
2.930022034134706
3.027275822344861
2.612224536264992
2.549375014176536
2.9191939550380654
2.4805505864656783
2.926828929153044
2.484485920239314
2.728610975053987
2.6122245362649927
2.6575658481744995
2.9196294247497723
2.933591698640611
2.5493750141765363
2.919193955038066
3.112332189036223
3.027275822344861
2.9196294247497723
2.9335916986406105
2.940828295290765
2.8894771307105165
3.0319914673968613
2.4805505864656783
2.6575658481744995
2.907194591275868
2.940828295290763
3.009423440285203
2.8894771307105165
2.9268289291530443
3.112332189036223
2.484485920239314
2.728610975053987
3.031991467396862
2.9071945912758674
3.009423440285204
2.570874054316512
3.032263982531477
2.662300460815983
2.401620718104322
2.715288827960236
2.558929589359398
2.472288462466963
3.0224874312383885
2.5115668832086335
2.5431543387123146
2.877347806942443
2.9566842393805044
2.5708740543165125
2.566965630278898
3.032263982531478
2.662300460815983
2.621744669702812
2.401620718104322
2.566965630278898
2.9566842393805044
2.7763007379123175
2.8119966649333357
2.715288827960236
2.8486907601932807
3.102008492144608
2.558929589359398
2.472288462466963
3.0224874312383885
2.5115668832086335
2.621744669702812
2.848690760193281
2.9906222208889757
3.0213059923613717
2.5431543387123146
2.990622220888976
2.7763007379123175
3.102008492144608
3.0213059923613717
2.877347806942443
2.8119966649333357
2.549076172144194
2.6819783941458852
2.9964446203960047
2.563447431007435
2.3698266481259163
2.673495342463359
2.5081443538471824
2.6748301498085016
2.8078951365430265
2.9771109809560166
2.8362990574260265
2.576961287573955
2.944791790737392
2.943335239878657
2.549076172144194
2.5677019783416974
2.6819783941458852
2.4210431807975707
2.9964446203960047
3.045159649638284
2.563447431007435
2.567701978341698
2.3698266481259163
2.944791790737392
2.673495342463359
2.5081443538471824
2.943335239878656
2.4210431807975707
2.6748301498085016
2.8078951365430265
2.9771109809560166
3.045159649638284
2.8362990574260265
2.576961287573955
3.016287824711206
2.5963522758477424
2.4399218519163153
3.1056932198130913
2.635460290908762
3.079966742886028
2.5963522758477424
2.471747458637427
2.4399218519163153
2.4717474586374273
3.069816968781269
3.1056932198130913
3.037538823493067
2.5679102162003353
2.635460290908762
2.6813263526504736
2.5679102162003353
3.0799667428860245
3.037538823493067
3.069816968781269
2.6813263526504736
2.944791790737392
2.6022221619027492
2.9249906183160124
2.6398377238805084
2.695345253475903
2.580672847931275
2.6617621647811798
2.585249877620442
2.9363238405191208
2.85255480397381
2.7361279191851753
2.5853303190642265
2.8466842668588592
2.5802274749729666
2.602222161902749
2.924990618316012
3.0538624901389184
2.639837723880508
2.695345253475902
2.5806728479312744
2.580227474972967
2.944791790737392
2.9306633333337837
2.95421808765456
2.9481852577537144
3.013376708111535
2.66176216478118
2.585249877620442
2.936323840519122
2.8466842668588597
3.0538624901389206
3.07104463480312
2.8525548039738093
2.736127919185175
2.9306633333337824
2.9542180876545583
2.5853303190642265
3.07104463480312
2.948185257753712
3.013376708111535
2.5979038351552806
2.539832633951984
2.944239481148435
2.438998304388616
2.375930451664104
2.9670035924764755
2.7903458080065358
2.7564216892401316
2.5979038351552806
2.5776098716652704
2.945041637477387
2.539832633951984
2.5769036222785644
2.945041637477387
3.056909874709164
2.722077309191334
2.944239481148435
2.9599377676817493
2.438998304388616
2.5776098716652704
2.926240379805257
2.375930451664104
2.5769036222785644
2.7220773091913335
2.9711212469273547
2.9670035924764755
2.7903458080065366
2.7564216892401325
2.9599377676817493
2.9711212469273547
3.072347638550349
2.9262403798052565
3.0569098747091665
3.072347638550349
2.954435822979468
2.5800615260922695
2.5800615260922695
3.093642204850966
2.4191209503315565
2.6541790564964236
2.5726377956316955
3.0802401114048354
2.671563848444578
2.645611192377329
2.713176981454606
3.0936422048509633
3.050116724096696
2.4191209503315565
2.866289921568675
2.654179056496423
2.5726377956316955
2.954435822979468
2.827505750254909
3.0802401114048337
3.0501167240966947
2.671563848444578
2.866289921568674
2.645611192377329
2.713176981454606
2.827505750254909
3.0951560316082114
2.943335239878656
2.602222161902749
2.404777554555465
2.8677977126191605
3.0951560316082136
2.9675012400241085
3.0671222367314415
2.6022221619027492
2.404777554555465
2.967501240024109
2.5986934221149838
2.5429037920364634
2.6833448332237344
2.632337893022071
2.9631722134754046
2.709863434512244
2.575432530424732
2.785079660443449
2.7892672219390975
2.62984766320533
2.7103376600853766
2.598693422114983
2.5429037920364643
2.598652479309082
2.6833448332237344
3.0492789161029754
2.897694008981838
2.632337893022072
3.0671222367314415
2.9631722134754046
2.8916915336542117
2.8677977126191605
2.943335239878657
2.8448645932095533
2.889405704750817
2.709863434512244
3.077861508434029
3.0492789161029754
2.897694008981838
3.077861508434029
3.0161996763405567
2.8916915336542117
2.5754325304247323
2.7850796604434502
2.844864593209553
2.598652479309082
2.889405704750817
2.7892672219390984
2.62984766320533
2.7103376600853766
3.016199676340556
3.0008015678187254
3.027275822344861
2.5708740543165125
3.032263982531478
2.662300460815983
2.401620718104322
2.715288827960236
2.558929589359398
2.472288462466963
3.0224874312383885
2.5115668832086335
2.5431543387123146
2.877347806942443
2.570874054316512
2.3944978355531
2.9379406250556563
3.032263982531477
3.0779162838673977
2.662300460815983
2.4773764890889725
3.027275822344861
2.401620718104322
2.3944978355530995
2.715288827960236
2.558929589359398
2.472288462466963
3.0224874312383885
3.077916283867399
2.5115668832086335
2.9379406250556563
2.4773764890889725
2.5431543387123146
2.877347806942443
2.6122245362649927
2.5493750141765363
2.919193955038066
2.4805505864656783
2.9268289291530443
2.484485920239314
2.728610975053987
2.9566842393805044
3.09325449838656
2.612224536264992
2.5193183389494758
2.549375014176536
2.9191939550380654
3.1079495164331155
2.4805505864656783
2.9566842393805044
2.519318338949476
3.09325449838656
2.926828929153044
3.1079495164331155
2.484485920239314
2.728610975053987
3.082939983350844
2.8724595816337164
2.7789223271326016
2.5979038351552806
2.539832633951984
2.944239481148435
2.438998304388616
2.375930451664104
2.9670035924764755
2.7903458080065366
2.7564216892401325
2.954435822979468
2.9175436217220763
2.5364353908376445
2.5979038351552806
2.4285114373755854
2.539832633951984
2.405403279299757
2.627997015852187
2.5713500318362064
2.944239481148435
3.10951766201978
2.438998304388616
2.954435822979468
2.4285114373755854
2.778922327132602
2.5364353908376445
2.375930451664104
2.9175436217220763
2.4054032792997564
3.0829399833508404
2.8724595816337164
2.6279970158521864
2.9670035924764755
3.1095176620197766
2.5713500318362064
2.7903458080065358
2.7564216892401316
3.016287824711206
2.642378699138055
2.4399218519163153
2.6423786991380545
2.4717474586374273
3.113117067098698
2.5909637964071006
3.1024146978488902
2.7222844956433363
2.8052992684449105
2.7251739423829857
2.6751147371963384
2.4399218519163153
2.471747458637427
3.113117067098702
3.05172770068374
3.088921284977028
2.5909637964071006
3.1024146978488845
3.051727700683742
3.088921284977028
2.7222844956433354
2.8052992684449096
2.725173942382985
2.675114737196339
2.5800615260922695
2.9175436217220763
2.9731049898912554
2.909167788369685
3.1026021536366364
2.5800615260922695
2.4035290594370298
2.9091677883696847
2.4035290594370298
2.5961306687179664
2.904943866977737
2.662976799433021
2.596130668717967
2.9268120268511204
3.102602153636639
2.904943866977738
2.9175436217220763
2.662976799433021
2.9268120268511217
2.9731049898912554
2.570874054316512
2.566965630278898
2.5708740543165125
2.3944978355530995
3.09325449838656
3.0860022410313
3.06790252608424
2.6607240510320014
2.612899207561242
2.566965630278898
2.3944978355531
3.0860022410313
2.6607240510320014
3.081374694479712
2.63936859514902
2.5050559896397004
2.7336672294630957
2.583114219178188
3.06790252608424
3.0813746944797082
2.5913891669709104
3.0942897457693035
3.09325449838656
2.6393685951490196
2.6128992075612425
2.5050559896397
2.5913891669709104
3.0491250468032582
3.0942897457693035
3.0491250468032582
2.978026126173823
2.7336672294630953
2.9780261261738232
2.5831142191781877
3.0461545960709353
2.6135161364559165
3.113117067098702
3.052687674303957
3.069816968781269
3.113117067098698
3.051727700683742
2.9731049898912554
3.0910079309899823
2.655097097026765
2.6840291754209358
2.6507844977615194
3.048221018110997
2.967044826262713
2.947877265899262
2.6118008202175194
2.723251237622525
3.052687674303957
3.05172770068374
2.655097097026765
2.6118008202175194
2.7232512376225255
2.5979938662643205
2.512944697554355
2.674071884760345
2.636353628695675
2.7139574492433547
2.6691880922898497
2.6507844977615203
2.5979938662643196
2.6840291754209358
2.5129446975543552
2.943407692019056
2.674071884760345
3.069816968781269
3.0910079309899823
2.6363536286956744
2.7139574492433547
2.669188092289849
2.9731049898912554
3.048221018110997
2.967044826262712
2.9478772658992622
2.943407692019056
2.9768433538668537
2.765322645630607
2.8467199630229816
2.8569535759546607
2.924990618316012
2.639837723880508
2.695345253475902
2.5806728479312744
2.66176216478118
2.585249877620442
2.936323840519122
2.8525548039738093
2.736127919185175
2.5853303190642265
2.404777554555465
2.8677977126191605
3.0507352485657906
2.6976177540736894
2.9768433538668537
2.404777554555465
2.9249906183160124
3.0639967452469596
2.6398377238805084
2.695345253475903
2.580672847931275
2.765322645630607
2.8569535759546603
2.69761775407369
2.6617621647811798
2.8467199630229825
2.585249877620442
2.8677977126191605
2.9363238405191208
3.063996745246957
2.85255480397381
2.7361279191851753
3.050735248565792
2.5853303190642265
2.612224536264992
2.6575658481744995
2.9379406250556563
2.6122245362649927
2.519318338949476
3.0860022410313
3.06790252608424
3.0910079309899823
2.928091270497134
3.0860022410313
3.065841274716419
2.6575658481744995
2.5193183389494758
3.06790252608424
3.0658412747164165
2.6350624339312994
2.7164325196755597
2.7497542632725835
2.6336109562919163
2.7653039490664004
2.943160394928844
2.635062433931299
3.0254735252669867
2.7164325196755597
2.7497542632725827
2.9379406250556563
3.0910079309899823
2.928091270497134
2.943160394928844
3.0555812695489477
3.0555812695489477
3.0254735252669867
2.91226275046531
2.91226275046531
2.633610956291916
2.7653039490664
3.1056932198130913
3.0470543722690193
2.9196294247497723
3.1056932198130913
3.037538823493067
2.5364353908376445
3.088921284977028
2.655097097026765
2.6840291754209358
2.9196294247497723
2.655097097026765
2.5353794720096245
3.0470543722690193
3.037538823493067
2.5364353908376445
2.6840291754209358
2.5353794720096245
2.6136779596551665
2.570831674852851
2.605514247931669
2.5884674705560715
2.5920751762227967
2.7306597483443653
2.6782949215013088
3.0920260848568586
3.088921284977028
3.092026084856863
2.613677959655167
2.570831674852852
2.605514247931668
2.588467470556071
3.0102730842423298
2.5920751762227967
2.7306597483443644
3.0102730842423298
2.6782949215013083
2.5975551878812495
3.0412217808527755
2.5679102162003353
2.5979038351552806
2.5776098716652704
2.5979038351552806
2.4285114373755854
2.9091677883696847
3.102602153636639
2.6507844977615203
3.025066433425221
2.6656041420651704
2.6457309135388605
2.604433580935218
2.909167788369685
3.054825733551359
2.8769544610272204
2.9983302757949217
2.6931617305528044
2.59755518788125
2.5679102162003353
2.5776098716652704
2.4285114373755854
3.1026021536366364
2.6507844977615194
2.6656041420651704
2.6044335809352175
3.0548257335513616
2.6931617305528035
2.5149797422254654
2.637958268677874
2.811626973525002
2.6938762064195423
2.5789735554833633
2.742306502298072
2.5638408248393785
2.645730913538861
2.5149797422254654
2.8769544610272204
3.025066433425221
2.6379582686778744
2.8116269735250015
2.693876206419542
2.5789735554833633
2.742306502298072
3.041221780852774
2.563840824839379
2.9983302757949217
3.0951560316082136
2.952483638686659
2.8466842668588597
2.945041637477387
2.5800615260922695
3.0936422048509633
2.4191209503315565
2.654179056496423
2.5726377956316955
3.0802401114048337
2.671563848444578
2.645611192377329
2.713176981454606
3.0951560316082114
2.5800615260922695
2.4035290594370298
3.025066433425221
3.0289244083458247
3.093642204850966
3.04496627461032
2.945041637477387
2.4191209503315565
2.4035290594370298
2.9134509661317303
2.6541790564964236
2.5726377956316955
2.952483638686658
3.0802401114048354
3.04496627461032
2.671563848444578
2.8466842668588592
2.9134509661317316
3.025066433425221
3.028924408345826
2.645611192377329
2.713176981454606
2.549076172144194
2.549076172144194
2.967501240024109
3.0671222367314415
3.050735248565792
3.028924408345826
2.9675012400241085
3.046379751475931
2.6803475621491533
2.6734020381942276
2.659620307293585
2.7600515565840196
2.734498882416864
2.620756293208088
2.8685015939872383
3.0671222367314415
3.0463797514759285
2.6803475621491533
2.659620307293586
2.7600515565840205
2.734498882416863
2.620756293208089
2.8685015939872396
2.62048193406716
2.846135543290727
2.5347894188675797
2.7835482333890176
2.650117006540669
2.7408568973458145
2.524531455964916
2.7619859619338487
2.522802569204931
2.570568563768865
2.9005312181969933
2.995468741324023
2.620481934067159
2.846135543290728
2.673402038194227
2.53478941886758
2.783548233389018
2.6501170065406696
2.740856897345815
2.5245314559649166
3.0507352485657906
3.0289244083458247
2.995468741324024
2.761985961933848
2.5228025692049307
2.570568563768865
2.9005312181969916
2.567701978341698
2.580227474972967
2.539832633951984
2.5769036222785644
3.093642204850966
3.0501167240966947
2.539832633951984
2.4054032792997564
3.048221018110997
2.69761775407369
2.6656041420651704
2.645730913538861
3.0936422048509633
3.04496627461032
3.1170014640079744
2.8698577801793337
2.6864318517803047
2.6656041420651704
2.4997280239384283
2.5677019783416974
2.5802274749729666
2.5769036222785644
3.050116724096696
2.405403279299757
2.6976177540736894
2.6457309135388605
3.04496627461032
2.4997280239384287
2.4908715622279676
2.58469640329942
2.6360803666769828
3.013860319442175
2.8854162868060347
2.4908715622279676
2.6864318517803043
3.1170014640079744
2.5846964032994206
2.6360803666769828
2.8698577801793337
3.013860319442177
3.048221018110997
2.885416286806036
2.635460290908762
2.5909637964071006
2.9335916986406105
2.635460290908762
2.5909637964071006
2.928091270497134
2.6044335809352175
2.933591698640611
2.921806709770604
2.604433580935218
2.921806709770604
2.928091270497134
2.9754082565549016
2.9754082565549025
2.9768433538668537
3.0086241893072394
2.6022221619027492
2.602222161902749
2.404777554555465
2.9675012400241085
2.598693422114983
2.5429037920364643
2.6833448332237344
2.632337893022072
2.9631722134754046
2.709863434512244
2.5754325304247323
2.7850796604434502
2.7892672219390984
2.62984766320533
2.7103376600853766
2.9768433538668537
2.404777554555465
2.967501240024109
3.0463797514759285
2.9755610629800193
2.9005840778688095
2.5986934221149838
2.5429037920364634
2.7320042347477638
2.6833448332237344
3.0086241893072394
2.632337893022071
2.9631722134754046
3.046379751475931
2.709863434512244
2.575432530424732
2.785079660443449
2.975561062980018
2.7320042347477638
2.7892672219390975
2.62984766320533
2.9005840778688103
2.7103376600853766
3.045850449625032
2.945041637477387
3.0569098747091665
2.4191209503315565
2.909167788369685
2.4035290594370298
2.596130668717967
2.904943866977738
2.967044826262712
2.9091677883696847
3.0548257335513616
2.945041637477387
2.4191209503315565
2.4035290594370298
3.1170014640079744
2.8698577801793337
2.5664398419531844
2.454697766041299
2.5961306687179664
2.904943866977737
3.054825733551359
2.5664398419531844
3.1170014640079744
2.454697766041299
2.8698577801793337
3.056909874709164
2.967044826262713
2.549375014176536
3.032263982531477
3.032263982531478
3.077916283867399
2.5493750141765363
2.9465391815691793
2.766746581905954
3.0779162838673977
2.8012601223009725
2.9465391815691793
2.8012601223009725
2.766746581905954
2.6819783941458852
2.6819783941458852
2.4210431807975707
2.9249906183160124
3.0538624901389206
2.7220773091913335
2.866289921568674
2.6279970158521864
2.662976799433021
2.924990618316012
3.063996745246957
2.8769544610272204
2.9134509661317316
2.6803475621491533
2.673402038194227
2.6864318517803043
2.975561062980018
2.9005840778688103
2.5664398419531844
2.772572458365115
2.524522262647218
2.9083603872093855
2.622944640929486
2.6803475621491533
2.8206273340344894
2.5302102586793915
2.8206273340344894
2.4210431807975707
3.0538624901389184
2.722077309191334
2.866289921568675
2.627997015852187
2.662976799433021
3.0639967452469596
2.8769544610272204
2.9134509661317303
2.6734020381942276
2.6864318517803047
2.5664398419531844
2.7725724583651155
2.524522262647218
2.9083603872093864
2.6229446409294863
2.530210258679392
2.717281620873715
2.660220336247295
2.6010446896538126
2.6075407775313044
2.633160837815494
2.673623539016198
2.803906295509433
2.717281620873715
2.6602203362472947
2.9755610629800193
2.6010446896538135
2.607540777531305
2.6331608378154954
2.6736235390161984
2.8039062955094325
2.9005840778688095
2.5364560512482366
2.9191939550380654
3.112332189036223
2.662300460815983
2.621744669702812
2.6813263526504736
2.662300460815983
2.4773764890889725
2.919193955038066
3.1079495164331155
2.5713500318362064
2.6607240510320014
2.6128992075612425
2.454697766041299
2.6607240510320014
2.4693919802372513
3.033966685271717
2.9214616904185853
2.628262414854871
2.549816660578279
3.033966685271717
2.5364560512482366
3.112332189036223
2.621744669702812
2.6813263526504736
2.4773764890889725
3.1079495164331155
2.5713500318362064
2.612899207561242
2.454697766041299
2.4693919802372513
2.549816660578279
2.7775112047615074
2.712163222107244
2.684186659280177
2.6472247064932577
2.6695033101614767
2.6252960259229616
2.7599576213702055
2.8935758751651135
2.742257566969591
2.628262414854871
2.7775112047615074
2.712163222107244
2.684186659280177
2.6472247064932577
2.6695033101614767
2.908324731571332
2.6252960259229616
2.7599576213702055
2.8935758751651135
2.908324731571332
2.9214616904185853
2.742257566969591
2.944239481148435
2.6541790564964236
2.944239481148435
3.1095176620197766
2.5961306687179664
2.9478772658992622
2.654179056496423
2.596130668717967
2.7725724583651155
2.8885293509375654
2.8885293509375654
2.772572458365115
3.10951766201978
3.1242678529877335
3.1242678529877463
2.947877265899262
3.027275822344861
2.9196294247497723
2.933591698640611
2.940828295290763
2.8894771307105165
2.401620718104322
2.566965630278898
3.027275822344861
2.401620718104322
2.3944978355531
2.566965630278898
2.3944978355530995
3.0860022410313
2.6607240510320014
3.0813746944797082
2.6393685951490196
2.5050559896397
2.7336672294630953
2.5831142191781877
3.0860022410313
3.0658412747164165
2.9196294247497723
2.659620307293586
2.9335916986406105
2.9465391815691793
2.6607240510320014
2.4693919802372513
3.081374694479712
3.065841274716419
2.546442173975118
2.5710437639172032
2.940828295290765
2.659620307293585
2.8894771307105165
2.63936859514902
2.5050559896397004
2.9465391815691793
2.4693919802372513
2.546442173975118
2.5710437639172037
2.7336672294630957
2.583114219178188
2.7600515565840205
2.598131551753525
2.9422998466450343
3.0246813091368145
2.6417716656160475
2.6385655600127835
2.9422998466450343
2.6417716656160475
2.914154050478272
2.4893581767878707
2.7600515565840196
3.012389434621513
3.012389434621513
2.598131551753525
3.0246813091368145
2.9141540504782713
2.6385655600127835
2.4893581767878707
3.0352544096248
3.0352544096248
3.031991467396862
2.734498882416863
2.5156697832579296
2.611245130613471
2.585992115906203
2.6468850029791278
3.0520702093604366
3.0990358915147334
2.932785147345993
2.734498882416864
2.51566978325793
2.6112451306134714
2.5859921159062034
3.0520702093604353
2.729261191407203
2.4474404208917635
3.0586823636420597
2.7292611914072022
2.932785147345993
2.6468850029791278
2.447440420891764
3.110954120007794
3.0990358915147334
3.0586823636420597
3.0319914673968613
3.1109541200077975
2.9964446203960047
2.9964446203960047
3.045159649638284
2.6398377238805084
2.5986934221149838
2.639837723880508
2.598693422114983
2.9069557442420817
2.9069557442420817
3.083806241114591
3.045159649638284
3.083806241114587
3.046154596070938
2.9574673900007173
2.9153554117897316
3.0566622304772486
2.5429037920364634
2.6118008202175194
2.5429037920364643
2.524522262647218
2.915355411789732
2.6118008202175194
2.524522262647218
3.0566622304772486
3.04585044962503
3.0745371827212598
2.4805505864656783
2.6575658481744995
2.9566842393805044
2.7763007379123175
2.8119966649333357
2.4805505864656783
2.9566842393805044
2.5193183389494758
3.06790252608424
3.081374694479712
2.6575658481744995
2.519318338949476
3.06790252608424
3.065841274716419
2.635062433931299
2.7164325196755597
2.7497542632725827
2.633610956291916
2.7653039490664
3.033966685271717
2.9214616904185853
3.0813746944797082
3.0658412747164165
2.51566978325793
2.6350624339312994
3.033966685271717
2.5156697832579296
2.7164325196755597
2.7497542632725835
3.0745371827212615
2.7763007379123175
2.9214616904185853
2.8119966649333357
2.6336109562919163
2.7653039490664004
3.1044544920624917
3.0619146026911586
3.021547779029664
2.5726377956316955
2.9268120268511217
2.7232512376225255
2.9983302757949217
2.5726377956316955
2.723251237622525
3.0619146026911586
2.9268120268511204
3.021547779029664
2.9983302757949217
2.695345253475903
2.5913891669709104
2.695345253475902
2.766746581905954
2.628262414854871
2.546442173975118
2.598131551753525
3.09492114488205
2.6238405201826036
2.587421556965503
2.415140287968984
3.0843952332871694
2.974647747248005
2.618857441579694
2.5913891669709104
2.766746581905954
2.628262414854871
2.546442173975118
2.598131551753525
3.09492114488205
2.6238405201826036
2.415140287968984
3.0843952332871694
2.618857441579694
2.452063944801876
2.8822295622541145
2.974647747248005
2.587421556965503
2.452063944801876
2.8822295622541145
2.715288827960236
2.715288827960236
2.620756293208089
2.6112451306134714
3.09492114488205
2.5891113724004793
2.8432792661812356
2.620756293208088
3.078159638749518
2.611245130613471
3.09492114488205
3.07815963874952
2.5891113724004793
2.8432792661812356
2.6135161364559165
2.9574673900007173
2.990425545419835
3.0423072788233667
2.915355411789732
2.8104323719620945
2.873165961559881
2.801208245218362
2.917577361905071
2.9233019782447505
3.1024146978488845
3.052687674303957
2.848690760193281
3.1024146978488902
3.05172770068374
3.052687674303957
3.051727700683742
2.655097097026765
2.6118008202175194
2.723251237622525
2.5979938662643196
2.5129446975543552
2.674071884760345
2.6363536286956744
2.7139574492433547
2.669188092289849
2.943160394928844
2.655097097026765
2.5353794720096245
2.6931617305528035
2.921806709770604
2.549816660578279
2.9153554117897316
2.6118008202175194
2.7232512376225255
2.8104323719620936
2.6931617305528044
2.8731659615598804
2.5979938662643205
2.512944697554355
2.5353794720096245
2.921806709770604
2.8012082452183615
2.674071884760345
2.8486907601932807
2.943160394928844
2.549816660578279
2.9175773619050696
2.636353628695675
2.7139574492433547
2.9233019782447496
2.6691880922898497
3.102008492144608
2.580672847931275
2.5806728479312744
2.5710437639172037
2.9422998466450343
3.0246813091368145
2.5859921159062034
2.6468850029791278
2.5891113724004793
2.9422998466450343
2.9713947351774648
2.585992115906203
2.4794199648665596
2.741959879100436
2.633911094833624
2.666640429979861
3.00785250335148
2.548806310381278
2.5710437639172032
3.0246813091368145
2.6468850029791278
2.5891113724004793
2.971394735177466
2.479419964866559
2.6339110948336235
2.6666404299798607
2.548806310381278
2.5737794570889183
2.621259352911346
2.5587518877114324
2.7318932503891302
2.741959879100436
3.00785250335148
3.102008492144608
2.5737794570889188
2.621259352911346
2.5587518877114324
2.7318932503891307
2.558929589359398
2.598652479309082
2.558929589359398
2.7320042347477638
2.6417716656160475
2.6385655600127835
3.0520702093604353
3.0990358915147334
2.6238405201826036
2.587421556965503
2.6417716656160475
2.484299129540063
3.067276563871225
3.0520702093604366
3.1073293785334566
2.622311586908133
2.75374379752719
2.8548853394942526
2.6124664734564265
2.75594100591522
2.6238405201826036
2.428633109057936
3.067276563871225
2.8740300863173975
2.598652479309082
2.7320042347477638
2.6385655600127835
3.0990358915147334
2.587421556965503
2.484299129540063
3.1073293785334566
2.622311586908133
2.753743797527191
2.8548853394942544
2.6124664734564274
2.7559410059152207
2.428633109057936
2.761512205496091
2.874030086317398
2.761512205496091
2.563447431007435
2.563447431007435
2.9599377676817493
2.6833448332237344
3.0492789161029754
2.897694008981838
2.6833448332237344
3.0492789161029754
2.897694008981838
2.9599377676817493
2.59755518788125
2.8104323719620936
2.970881001403679
3.0086241893072394
2.5679102162003353
2.438998304388616
2.5776098716652704
2.9262403798052565
2.954435822979468
2.827505750254909
2.438998304388616
2.954435822979468
2.4285114373755854
3.1026021536366364
2.904943866977737
2.6507844977615194
2.5975551878812495
2.5679102162003353
2.5776098716652704
2.4285114373755854
3.102602153636639
2.6507844977615203
2.6656041420651704
2.604433580935218
3.054825733551359
2.6931617305528044
2.5149797422254654
2.6379582686778744
2.8116269735250015
2.693876206419542
2.5789735554833633
2.742306502298072
2.563840824839379
2.6656041420651704
2.4997280239384287
2.6044335809352175
3.0086241893072394
2.904943866977738
3.0548257335513616
2.9083603872093864
2.8885293509375654
2.8104323719620945
2.6931617305528035
2.5149797422254654
2.4997280239384283
2.8885293509375654
3.068636734351124
2.9083603872093855
2.637958268677874
2.811626973525002
2.6938762064195423
2.5789735554833633
3.0686367343511227
2.926240379805257
2.742306502298072
2.827505750254909
2.9708810014036793
2.5638408248393785
2.765322645630607
2.9071945912758674
2.472288462466963
2.472288462466963
3.0942897457693035
2.765322645630607
2.6350624339312994
2.8685015939872396
2.9422998466450343
2.6417716656160475
2.9141540504782713
2.4893581767878707
2.932785147345993
2.635062433931299
2.415140287968984
2.8432792661812356
2.9422998466450343
2.971394735177466
2.6417716656160475
2.484299129540063
2.8685015939872383
2.932785147345993
2.415140287968984
2.914154050478272
2.9713947351774648
3.0942897457693035
2.4893581767878707
2.8432792661812356
2.484299129540063
2.907194591275868
2.8731659615598804
2.632337893022071
2.5979938662643205
2.632337893022072
2.873165961559881
2.5979938662643196
3.0354812299612415
3.035481229961243
3.0799667428860245
3.0470543722690193
2.778922327132602
2.8569535759546603
2.952483638686658
3.036272630678623
2.930022034134706
2.940828295290765
3.079966742886028
3.037538823493067
2.7789223271326016
2.5364353908376445
2.6840291754209358
2.512944697554355
2.8569535759546607
3.0470543722690193
3.037538823493067
2.5364353908376445
2.6840291754209358
2.5353794720096245
2.613677959655167
2.570831674852852
2.605514247931668
2.588467470556071
2.5920751762227967
2.7306597483443644
2.6782949215013083
2.952483638686659
2.921806709770604
2.940828295290763
2.5129446975543552
2.5353794720096245
2.921806709770604
2.6136779596551665
2.570831674852851
2.605514247931669
2.5884674705560715
2.5920751762227967
3.0362726306786207
2.7306597483443653
2.9300220341347045
2.6782949215013088
3.0008015678187254
2.5677019783416974
2.5802274749729666
2.375930451664104
2.5769036222785644
3.0802401114048354
3.050116724096696
2.375930451664104
2.9175436217220763
2.405403279299757
2.9175436217220763
2.943407692019056
2.6976177540736894
3.092026084856863
2.6457309135388605
2.5149797422254654
3.0802401114048337
3.04496627461032
2.567701978341698
2.580227474972967
2.5769036222785644
3.0501167240966947
2.4054032792997564
2.69761775407369
2.645730913538861
3.04496627461032
2.4997280239384283
2.4908715622279676
2.5846964032994206
2.6360803666769828
3.013860319442177
2.885416286806036
2.6229446409294863
2.8885293509375654
2.5149797422254654
2.4997280239384287
2.8885293509375654
2.4908715622279676
2.622944640929486
2.58469640329942
3.0920260848568586
2.6360803666769828
3.013860319442175
2.943407692019056
2.8854162868060347
2.8012082452183615
2.3698266481259163
2.894186397260621
2.3698266481259163
2.944791790737392
2.944791790737392
2.9306633333337824
2.9542180876545583
2.948185257753712
3.013376708111535
3.0671222367314415
2.9631722134754046
3.0671222367314415
3.046379751475931
2.6803475621491533
2.659620307293585
2.7600515565840196
2.734498882416864
2.620756293208088
2.8685015939872383
2.620481934067159
2.846135543290728
2.53478941886758
2.783548233389018
2.6501170065406696
2.740856897345815
2.5245314559649166
2.761985961933848
2.5228025692049307
2.570568563768865
2.9005312181969916
2.4908715622279676
2.9631722134754046
3.0463797514759285
2.6803475621491533
2.8206273340344894
2.530210258679392
2.659620307293586
2.7600515565840205
2.734498882416863
2.9069557442420817
2.620756293208089
2.801208245218362
2.8685015939872396
2.4908715622279676
2.62048193406716
2.846135543290727
2.8206273340344894
2.5347894188675797
2.5302102586793915
2.9069557442420817
2.7835482333890176
2.650117006540669
2.7408568973458145
2.524531455964916
2.9306633333337837
2.95421808765456
2.9481852577537144
2.7619859619338487
2.894186397260621
3.013376708111535
2.522802569204931
2.570568563768865
2.9005312181969933
2.673495342463359
2.673495342463359
2.6617621647811798
2.8916915336542117
2.66176216478118
2.995468741324024
2.8916915336542117
2.995468741324023
2.671563848444578
2.674071884760345
2.671563848444578
2.674071884760345
3.0686367343511227
3.068636734351124
3.0224874312383885
3.0224874312383885
3.0779162838673977
3.09325449838656
3.09325449838656
2.62048193406716
3.077916283867399
3.033966685271717
3.012389434621513
3.033966685271717
3.0843952332871694
3.07815963874952
3.067276563871225
2.620481934067159
3.012389434621513
3.0843952332871694
3.078159638749518
3.067276563871225
3.0829399833508404
3.082939983350844
2.8467199630229825
3.009423440285204
2.585249877620442
2.8677977126191605
2.8467199630229816
2.585249877620442
2.8677977126191605
2.846135543290727
2.8206273340344894
3.012389434621513
2.5156697832579296
2.611245130613471
2.585992115906203
3.0520702093604366
2.7292611914072022
2.447440420891764
3.0586823636420597
2.51566978325793
2.974647747248005
2.6112451306134714
2.5859921159062034
2.479419964866559
3.0520702093604353
3.1073293785334566
2.846135543290728
2.8206273340344894
3.012389434621513
2.729261191407203
2.4474404208917635
2.974647747248005
2.4794199648665596
3.0586823636420597
3.1073293785334566
3.009423440285203
3.0619146026911586
3.0254735252669867
3.0619146026911586
2.6505804698531334
3.0254735252669867
3.098311975802219
2.6505804698531334
3.098311975802221
2.576215282198347
2.576215282198347
2.5081443538471824
2.8724595816337164
2.977189042932032
2.5081443538471824
2.943335239878657
2.4210431807975707
2.9363238405191208
2.8466842668588592
3.0538624901389184
2.722077309191334
2.866289921568675
2.943335239878656
2.844864593209553
2.889405704750817
2.8724595816337164
2.627997015852187
2.662976799433021
2.936323840519122
3.0639967452469596
2.8769544610272204
2.8466842668588597
2.9134509661317303
2.6734020381942276
2.5347894188675797
2.6864318517803047
2.5664398419531844
2.4210431807975707
3.0538624901389206
2.7220773091913335
2.866289921568674
2.6279970158521864
2.662976799433021
3.063996745246957
2.8769544610272204
2.9134509661317316
2.673402038194227
2.6864318517803043
2.5664398419531844
2.772572458365115
2.524522262647218
2.9083603872093855
2.622944640929486
2.5302102586793915
2.717281620873715
2.6602203362472947
2.6010446896538135
2.607540777531305
2.6331608378154954
2.6736235390161984
2.8039062955094325
2.7725724583651155
2.9069557442420817
2.524522262647218
2.741959879100436
2.622311586908133
2.9083603872093864
2.6229446409294863
2.53478941886758
2.530210258679392
2.9069557442420817
2.717281620873715
2.660220336247295
2.6010446896538126
2.6075407775313044
2.977189042932032
2.8448645932095533
2.633160837815494
2.741959879100436
2.622311586908133
2.889405704750817
2.673623539016198
2.803906295509433
2.6748301498085016
2.6748301498085016
2.9711212469273547
2.709863434512244
3.077861508434029
2.709863434512244
3.077861508434029
2.9711212469273547
3.0492789161029754
2.7164325196755597
2.7835482333890176
2.7164325196755597
2.6339110948336235
2.753743797527191
3.0492789161029754
2.783548233389018
2.633911094833624
2.75374379752719
2.9670035924764755
2.9670035924764755
3.10951766201978
3.025066433425221
3.025066433425221
3.1170014640079744
3.1170014640079744
2.717281620873715
3.1095176620197766
3.035481229961243
2.717281620873715
3.0354812299612415
2.650117006540669
2.58469640329942
2.8548853394942544
2.5846964032994206
2.6501170065406696
2.8548853394942526
3.0566622304772486
2.8894771307105165
3.069816968781269
3.088921284977028
3.069816968781269
3.088921284977028
2.637958268677874
2.8894771307105165
3.0566622304772486
2.6379582686778744
2.63936859514902
3.0920260848568586
2.6393685951490196
3.092026084856863
2.6505804698531334
2.6505804698531334
2.897694008981838
3.077861508434029
3.016199676340556
2.7497542632725835
2.6136779596551665
2.7408568973458145
2.8012601223009725
3.083806241114587
2.7497542632725827
2.6666404299798607
2.6124664734564274
2.897694008981838
2.613677959655167
2.740856897345815
3.077861508434029
2.8012601223009725
2.666640429979861
2.6124664734564265
3.083806241114591
3.0161996763405567
2.5364560512482366
2.926828929153044
3.112332189036223
2.5115668832086335
2.621744669702812
2.8486907601932807
2.990622220888976
2.6813263526504736
2.5115668832086335
2.9379406250556563
2.4773764890889725
2.9268289291530443
3.1079495164331155
2.5713500318362064
2.612899207561242
2.5050559896397004
3.0910079309899823
2.9379406250556563
3.0910079309899823
2.928091270497134
2.943160394928844
2.928091270497134
2.454697766041299
2.9465391815691793
2.8012601223009725
2.5364560512482366
3.112332189036223
2.621744669702812
2.6813263526504736
2.4773764890889725
3.1079495164331155
2.5713500318362064
2.6128992075612425
2.454697766041299
2.4693919802372513
2.549816660578279
2.7775112047615074
2.712163222107244
2.684186659280177
2.6472247064932577
2.6695033101614767
2.6252960259229616
2.7599576213702055
2.8935758751651135
2.742257566969591
2.5050559896397
2.9465391815691793
2.4693919802372513
2.729261191407203
2.618857441579694
2.848690760193281
2.943160394928844
2.549816660578279
2.7292611914072022
2.8012601223009725
2.618857441579694
2.7775112047615074
2.712163222107244
2.684186659280177
2.6472247064932577
2.6695033101614767
2.6252960259229616
2.9906222208889757
2.7599576213702055
2.8935758751651135
2.742257566969591
2.8856878500270033
3.07104463480312
2.8916915336542117
2.570831674852851
2.524531455964916
2.6360803666769828
2.7559410059152207
2.570831674852852
2.6360803666769828
2.5245314559649166
2.8916915336542117
2.75594100591522
2.8856878500270033
3.07104463480312
2.85255480397381
2.5913891669709104
2.8525548039738093
2.766746581905954
2.628262414854871
2.546442173975118
2.598131551753525
2.932785147345993
2.5913891669709104
2.766746581905954
2.628262414854871
2.546442173975118
2.598131551753525
3.09492114488205
2.6238405201826036
2.415140287968984
3.0843952332871694
2.618857441579694
2.452063944801876
2.8822295622541145
3.09492114488205
3.078159638749518
3.00785250335148
2.6238405201826036
2.428633109057936
2.932785147345993
2.415140287968984
3.0843952332871694
3.07815963874952
2.618857441579694
2.452063944801876
3.00785250335148
2.428633109057936
2.8822295622541145
2.8078951365430265
2.8078951365430265
2.7361279191851753
2.736127919185175
2.7222844956433354
2.9306633333337837
2.7222844956433363
3.0491250468032582
2.605514247931669
2.7775112047615074
2.605514247931668
2.9306633333337824
2.7775112047615074
3.0491250468032582
2.95421808765456
2.5884674705560715
2.712163222107244
2.548806310381278
2.588467470556071
2.9542180876545583
2.712163222107244
2.548806310381278
2.569925359335342
2.6136648982907613
2.492402887954735
2.5699253593353415
2.6136648982907618
2.4924028879547344
3.0414264913094424
2.7903458080065358
2.575432530424732
2.7903458080065366
2.8698577801793337
2.5754325304247323
2.8698577801793337
2.660220336247295
3.1242678529877463
2.6602203362472947
3.1242678529877335
2.9904255454198347
2.9175773619050696
2.785079660443449
2.636353628695675
2.7850796604434502
2.917577361905071
2.6363536286956744
2.9771109809560166
2.9771109809560166
3.045159649638284
3.0507352485657906
3.0289244083458247
3.050735248565792
3.028924408345826
2.9755610629800193
2.975561062980018
3.045159649638284
2.811626973525002
2.684186659280177
2.8116269735250015
2.684186659280177
2.484485920239314
3.0213059923613717
2.5853303190642265
2.484485920239314
2.5853303190642265
3.0555812695489477
2.5710437639172032
3.0246813091368145
2.914154050478272
2.6468850029791278
2.4474404208917635
3.1109541200077975
2.974647747248005
2.5891113724004793
2.5710437639172037
3.0246813091368145
2.6468850029791278
2.5891113724004793
2.9713947351774648
2.4794199648665596
2.633911094833624
2.666640429979861
2.548806310381278
2.5737794570889188
2.621259352911346
2.5587518877114324
2.7318932503891307
3.067276563871225
2.874030086317398
2.9141540504782713
2.971394735177466
3.067276563871225
2.447440420891764
2.974647747248005
2.479419964866559
2.6339110948336235
2.6666404299798607
2.548806310381278
3.0555812695489477
3.0213059923613717
2.5737794570889183
2.8740300863173975
2.621259352911346
2.5587518877114324
3.110954120007794
2.7318932503891302
2.7564216892401316
2.645611192377329
2.7564216892401325
2.645611192377329
2.6010446896538126
2.6010446896538135
3.0942897457693035
3.0555812695489477
3.0942897457693035
2.5699253593353415
3.0555812695489477
2.569925359335342
3.0745371827212615
2.6938762064195423
2.6075407775313044
2.6472247064932577
3.0745371827212598
2.693876206419542
2.607540777531305
2.6472247064932577
2.977189042932032
2.9599377676817493
2.9711212469273547
3.072347638550349
2.8448645932095533
2.9268120268511204
2.5789735554833633
2.633160837815494
2.6695033101614767
2.9268120268511217
2.9599377676817493
2.5789735554833633
2.977189042932032
2.844864593209553
2.6331608378154954
2.9711212469273547
2.6695033101614767
3.072347638550349
2.728610975053987
2.5431543387123146
2.598652479309082
2.5431543387123146
2.728610975053987
3.0491250468032582
2.9780261261738232
3.0254735252669867
2.91226275046531
2.7320042347477638
2.908324731571332
2.6385655600127835
2.4893581767878707
3.0352544096248
3.0990358915147334
3.0586823636420597
2.587421556965503
2.452063944801876
2.8432792661812356
2.741959879100436
3.00785250335148
2.598652479309082
2.7320042347477638
2.6385655600127835
3.0990358915147334
2.587421556965503
2.484299129540063
3.1073293785334566
2.622311586908133
2.75374379752719
2.8548853394942526
2.6124664734564265
2.75594100591522
2.428633109057936
2.761512205496091
2.4893581767878707
2.8432792661812356
2.484299129540063
3.0586823636420597
3.1073293785334566
3.0254735252669867
2.741959879100436
2.622311586908133
2.753743797527191
2.8548853394942544
2.6124664734564274
2.7559410059152207
2.452063944801876
3.00785250335148
2.428633109057936
3.0491250468032582
2.978026126173823
2.91226275046531
2.908324731571332
3.0352544096248
2.761512205496091
2.713176981454606
2.7139574492433547
3.0102730842423298
2.713176981454606
2.9754082565549025
2.7139574492433547
3.068636734351124
3.0686367343511227
3.0102730842423298
2.9754082565549016
3.1044544920624917
2.8052992684449096
2.8052992684449105
2.6252960259229616
2.6252960259229616
2.6136648982907618
2.6136648982907613
2.9906222208889757
2.926240379805257
2.889405704750817
2.5920751762227967
2.742306502298072
2.7599576213702055
3.1242678529877335
2.9262403798052565
2.742306502298072
2.5920751762227967
2.889405704750817
2.990622220888976
2.7599576213702055
3.1242678529877463
2.7336672294630957
2.7336672294630953
3.098311975802221
3.098311975802219
3.0362726306786207
3.056909874709164
2.995468741324023
3.013860319442175
3.0569098747091665
2.673623539016198
3.036272630678623
3.013860319442177
2.995468741324024
2.6736235390161984
3.0423072788233654
2.9233019782447496
2.8856878500270033
3.07104463480312
2.7892672219390975
2.6691880922898497
2.7892672219390984
2.9233019782447505
2.669188092289849
3.0354812299612415
3.035481229961243
2.8856878500270033
3.07104463480312
2.725173942382985
2.7763007379123175
2.9481852577537144
2.827505750254909
2.7251739423829857
2.978026126173823
2.7306597483443653
2.8935758751651135
2.7763007379123175
2.827505750254909
2.7306597483443644
2.948185257753712
2.8935758751651135
2.9780261261738232
3.0414264913094424
3.041221780852774
2.9708810014036793
2.675114737196339
3.021547779029664
3.0319914673968613
2.907194591275868
3.009423440285203
3.102008492144608
3.0213059923613717
2.6751147371963384
2.9731049898912554
2.9731049898912554
3.048221018110997
2.967044826262713
2.947877265899262
2.943407692019056
2.91226275046531
3.0102730842423298
3.0412217808527755
2.5638408248393785
3.048221018110997
2.9754082565549016
2.967044826262712
2.908324731571332
2.9478772658992622
3.031991467396862
3.021547779029664
3.102008492144608
2.970881001403679
2.563840824839379
2.9071945912758674
2.943407692019056
3.009423440285204
2.6505804698531334
3.098311975802219
2.576215282198347
2.6505804698531334
2.4924028879547344
3.0213059923613717
2.91226275046531
2.908324731571332
3.0102730842423298
2.9754082565549025
3.098311975802221
2.576215282198347
2.492402887954735
2.9300220341347045
2.9983302757949217
2.8854162868060347
2.803906295509433
2.9983302757949217
2.930022034134706
2.885416286806036
2.8039062955094325
2.583114219178188
2.5831142191781877
2.576215282198347
2.576215282198347
2.877347806942443
2.877347806942443
2.7619859619338487
2.9214616904185853
2.9214616904185853
2.8822295622541145
2.5737794570889183
2.8740300863173975
2.761985961933848
2.8822295622541145
2.5737794570889188
2.874030086317398
2.894186397260621
2.8119966649333357
3.013376708111535
2.6336109562919163
2.6782949215013088
2.522802569204931
2.742257566969591
2.8119966649333357
2.633610956291916
2.621259352911346
2.6782949215013083
2.894186397260621
3.013376708111535
2.5228025692049307
2.742257566969591
2.569925359335342
2.6136648982907613
2.492402887954735
2.621259352911346
2.5699253593353415
2.6136648982907618
2.4924028879547344
2.8362990574260265
2.8362990574260265
2.62984766320533
2.62984766320533
2.9005840778688095
2.9005840778688103
3.083806241114591
3.083806241114587
2.570568563768865
2.5587518877114324
2.570568563768865
2.5587518877114324
2.576961287573955
2.576961287573955
3.072347638550349
2.7103376600853766
3.0161996763405567
2.7103376600853766
3.016199676340556
3.072347638550349
2.7653039490664004
2.9005312181969933
3.0352544096248
3.110954120007794
2.7653039490664
2.7318932503891302
2.761512205496091
2.9005312181969916
3.1109541200077975
2.7318932503891307
3.0352544096248
2.761512205496091
